1.087171,0.929610,1.073978,0.527682
1.386466,1.455973,1.402581,1.335946
-0.267033,-0.491737,-0.189849,-0.424832
0.419629,0.277670,0.093292,-0.104818
0.581678,0.552341,1.087506,0.589160
-0.918728,-0.849222,-0.902614,-0.969249
0.847773,0.887384,0.722711,0.703114
1.116740,0.959178,1.103547,0.557251
0.359434,0.170678,0.363415,0.135874
1.029520,0.941410,1.453863,0.677835
-0.103881,-0.245840,-0.430218,-0.628328
1.587696,1.657202,1.603810,1.537176
0.990667,1.030278,0.865605,0.846008
1.240656,1.152546,1.664998,0.888970
0.327360,0.685060,-0.229362,0.009134
-0.051589,0.017918,-0.035474,-0.102109
0.346661,0.704360,-0.210061,0.028435
0.059381,0.030044,0.565209,0.066863
0.477543,0.957448,0.359706,1.098185
0.096380,-0.061181,0.083187,-0.463109
-0.456719,0.064627,-0.283566,0.313389
0.029602,-0.058508,0.453945,-0.322083
0.826990,0.669429,0.813797,0.267502
-0.313254,-0.502010,-0.309273,-0.536814
0.749270,1.270615,0.922422,1.519377
-0.123414,-0.211524,0.300928,-0.475100
1.923791,1.781832,1.597455,1.399344
0.001332,0.070839,0.017447,-0.049188
1.052354,0.894793,1.039162,0.492866
1.193228,1.232838,1.068165,1.048569
-0.172095,-0.260205,0.252247,-0.523781
0.352358,0.710058,-0.204364,0.034132
-0.590225,-0.778981,-0.586244,-0.813785
1.013832,1.371532,0.457110,0.695606
0.219118,-0.005587,0.296302,0.061319
1.145912,0.921208,1.223097,0.988113
1.303573,1.114817,1.307554,1.080013
1.422959,1.198254,1.500143,1.265160
0.227754,0.070192,0.214561,-0.331735
0.959363,0.817405,0.633027,0.434917
0.142311,0.663657,0.315464,0.912419
0.440452,0.480063,0.315390,0.295793
1.196853,1.039291,1.183660,0.637364
0.705063,1.226409,0.878216,1.475171
-0.793878,-0.881988,-0.369536,-1.145564
0.402701,0.373364,0.908528,0.410183
1.568058,1.479948,1.992400,1.216372
0.292889,0.150931,-0.033447,-0.231557
1.002850,1.524195,1.176002,1.772958
1.358637,1.201075,1.345444,0.799148
1.093575,1.005465,1.517918,0.741889
-0.220700,0.300645,-0.047548,0.549408
-0.614225,-0.756184,-0.940562,-1.138672
0.107352,0.146962,-0.017711,-0.037308
2.761985,2.831492,2.778100,2.711465
1.073360,1.431060,0.516638,0.755134
-0.808193,-0.768583,-0.933256,-0.952853
0.699080,1.056780,0.142358,0.380854
0.385071,0.160367,0.462256,0.227272
0.371232,0.892577,0.544384,1.141339
0.462216,0.320257,0.135879,-0.062231
0.144802,0.666148,0.317955,0.914910
0.163009,0.133672,0.668836,0.170491
1.409091,1.267132,1.082754,0.884644
0.638795,0.496836,0.312458,0.114348
0.652006,0.494445,0.638813,0.092518
0.602902,0.642512,0.477839,0.458242
-0.093207,-0.281963,-0.089226,-0.316767
1.111063,0.969104,0.784727,0.586616
0.691872,0.467168,0.769057,0.534073
1.222021,1.080062,0.895684,0.697574
0.361611,0.431118,0.377726,0.311091
-0.807759,-0.837096,-0.301931,-0.800277
-0.299170,0.222175,-0.126018,0.470937
-0.831820,-0.310475,-0.658668,-0.061712
1.119171,0.894467,1.196356,0.961372
1.569629,1.427670,1.243292,1.045182
1.601834,2.081739,1.483998,2.222477
-0.436764,-0.079064,-0.993486,-0.754990
-0.115390,-0.257349,-0.441727,-0.639837
-0.834279,-0.794669,-0.959341,-0.978938
-0.460011,-0.390504,-0.443897,-0.510531
-0.251990,-0.476694,-0.174806,-0.409789
-0.047056,-0.189015,-0.373393,-0.571503
0.721342,0.760952,0.596279,0.576682
0.512856,0.424746,0.937199,0.161171
1.461309,1.530816,1.477423,1.410789
1.006832,1.528178,1.179985,1.776940
0.032456,0.512361,-0.085381,0.653099
1.237094,1.716999,1.119258,1.857737
-0.225909,-0.450613,-0.148724,-0.383708
0.106730,-0.117974,0.183915,-0.051069
0.691280,0.730890,0.566217,0.546620
0.572228,1.052133,0.454391,1.192870
0.776038,0.687928,1.200380,0.424352
1.152645,0.927941,1.229829,0.994846
0.635729,0.493770,0.309392,0.111282
0.255613,0.735518,0.137777,0.876256
0.053343,-0.104219,0.040150,-0.506146
0.675611,0.486855,0.679592,0.452050
1.117427,0.975468,0.791090,0.592980
1.031770,0.807066,1.108954,0.873971
1.988526,1.959189,2.494354,1.996008
0.732467,0.644356,1.156809,0.380781
0.518525,0.558135,0.393462,0.373866
-0.529734,-0.008389,-0.356582,0.240374
1.458460,1.300898,1.445267,0.898971
0.894089,0.933699,0.769026,0.749430
0.632218,0.544107,1.056560,0.280532
-0.968044,-0.928434,-1.093107,-1.112704
-0.288052,0.069648,-0.844774,-0.606278
-0.218053,-0.406809,-0.214072,-0.441613
0.043694,-0.098265,-0.282643,-0.480753
0.277000,0.052296,0.354184,0.119201
-0.738092,-0.767429,-0.232264,-0.730610
0.926273,0.965884,0.801211,0.781614
-0.681081,-0.159735,-0.507928,0.089027
0.066885,-0.121871,0.070866,-0.156675
0.910406,0.768447,0.584069,0.385959
1.442942,1.482553,1.317880,1.298283
1.169021,1.011459,1.155828,0.609532
0.162428,0.520127,-0.394294,-0.155799
0.752105,0.791715,0.627042,0.607446
1.569513,1.639020,1.585628,1.518993
0.915652,0.827542,1.339995,0.563967
0.695347,0.553388,0.369010,0.170900
-0.116944,0.362961,-0.234780,0.503699
-1.278543,-1.366653,-0.854200,-1.630229
1.172450,1.530149,0.615728,0.854223
0.653132,1.133037,0.535295,1.273774
1.254912,1.066156,1.258893,1.031352
-0.224922,-0.366881,-0.551258,-0.749369
1.167805,0.979049,1.171786,0.944245
0.546788,1.026693,0.428952,1.167431
1.364730,1.140026,1.441914,1.206931
0.779705,1.259610,0.661868,1.400347
0.886342,0.857006,1.392170,0.893825
-0.306902,0.214443,-0.133750,0.463206
0.263749,0.621448,-0.292973,-0.054478
-0.009326,0.470579,-0.127163,0.611316
0.155186,0.224693,0.171301,0.104666
0.514052,0.553662,0.388989,0.369392
0.820734,0.663172,0.807541,0.261245
0.675834,0.487078,0.679815,0.452274
0.843683,1.201382,0.286961,0.525456
-0.021462,-0.210218,-0.017481,-0.245022
-0.468377,0.011528,-0.586214,0.152265
-0.016096,-0.045432,0.489732,-0.008613
0.468144,0.279388,0.472125,0.244584
1.286888,1.198778,1.711230,0.935202
0.421501,0.196797,0.498686,0.263702
0.482859,0.325297,0.469666,-0.076630
0.870255,1.227954,0.313533,0.552028
-0.307567,-0.496323,-0.303586,-0.531127
-0.609971,-0.088626,-0.436819,0.160136
1.415637,1.273678,1.089300,0.891190
0.855223,0.924730,0.871338,0.804703
-0.105019,-0.262580,-0.118212,-0.664507
1.423693,1.463303,1.298630,1.279034
1.090811,1.002701,1.515154,0.739126
0.700284,0.739895,0.575222,0.555625
0.395946,0.307836,0.820289,0.044261
0.889672,0.801562,1.314015,0.537986
0.573136,0.642643,0.589251,0.522616
0.642432,0.711938,0.658546,0.591911
0.390308,0.232746,0.377115,-0.169181
0.629699,1.109604,0.511863,1.250342
0.461192,0.373082,0.885534,0.109506
-0.127819,-0.157156,0.378009,-0.120336
1.058351,1.538256,0.940514,1.678993
0.766204,0.541499,0.843388,0.608405
1.272818,1.130859,0.946481,0.748371
0.026994,0.548339,0.200146,0.797102
1.468071,1.537578,1.484186,1.417551
1.130394,0.972832,1.117201,0.570905
2.003993,1.846431,1.990800,1.444504
2.001604,2.071111,2.017719,1.951084
1.467908,1.310347,1.454716,0.908420
1.472777,1.443441,1.978605,1.480260
1.529305,2.050651,1.702458,2.299413
1.029541,0.804837,1.106726,0.871742
-0.036462,-0.225218,-0.032481,-0.260022
-0.453924,-0.678629,-0.376740,-0.611723
0.517876,1.039221,0.691028,1.287984
1.080336,0.891580,1.084317,0.856775
-0.140013,-0.169349,0.365815,-0.132530
1.189763,1.032202,1.176570,0.630275
1.821626,1.733516,2.245969,1.469940
0.903258,0.678553,0.980442,0.745459
1.624467,1.664077,1.499404,1.479808
-0.080532,-0.109868,0.425296,-0.073049
0.806071,1.327417,0.979224,1.576179
-0.601123,-0.121218,-0.718960,0.019519
0.287789,0.809134,0.460941,1.057896
-0.139151,-0.296712,-0.152344,-0.698639
1.502153,1.277449,1.579337,1.344354
0.100572,0.458271,-0.456150,-0.217654
0.020639,0.060249,-0.104424,-0.124021
0.602129,0.460170,0.275792,0.077682
0.016030,-0.072080,0.440373,-0.335656
0.743502,0.601543,0.417165,0.219055
0.795063,0.653104,0.468726,0.270616
1.546629,1.357873,1.550610,1.323069
0.454449,0.366339,0.878791,0.102763
0.992120,0.803364,0.996102,0.768560
0.095264,-0.129440,0.172449,-0.062535
-0.433578,0.087767,-0.260426,0.336529
-1.061682,-1.022072,-1.186745,-1.206341
0.588442,0.628052,0.463379,0.443782
0.998921,0.810165,1.002902,0.775361
0.909445,1.389350,0.791609,1.530088
-0.338924,-0.427034,0.085418,-0.690610
0.864991,0.934497,0.881105,0.814471
0.599963,0.570626,1.105791,0.607445
0.948399,0.919063,1.454227,0.955882
0.064890,-0.159815,0.142074,-0.092909
2.169101,2.238608,2.185216,2.118581
0.503002,0.278297,0.580186,0.345203
1.383493,1.354156,1.889321,1.390976
0.507962,0.350400,0.494769,-0.051527
